<html>
<head><meta charset="utf-8" /></head>
<body>
    <div>                        <script type="text/javascript">window.PlotlyConfig = {MathJaxConfig: 'local'};</script>
        <script src="https://cdn.plot.ly/plotly-2.12.1.min.js"></script>                <div id="75661c04-3ba6-4f78-b64d-e72487b494df" class="plotly-graph-div" style="height:800px; width:800px;"></div>            <script type="text/javascript">                                    window.PLOTLYENV=window.PLOTLYENV || {};                                    if (document.getElementById("75661c04-3ba6-4f78-b64d-e72487b494df")) {                    Plotly.newPlot(                        "75661c04-3ba6-4f78-b64d-e72487b494df",                        [{"colorscale":[[0.0,"#440154"],[0.1111111111111111,"#482878"],[0.2222222222222222,"#3e4989"],[0.3333333333333333,"#31688e"],[0.4444444444444444,"#26828e"],[0.5555555555555556,"#1f9e89"],[0.6666666666666666,"#35b779"],[0.7777777777777778,"#6ece58"],[0.8888888888888888,"#b5de2b"],[1.0,"#fde725"]],"x":["age","blood pressure","specific gravity","albumin","sugar","blood glucose random","blood urea","serum creatinine","sodium","potassium","haemoglobin","packed cell volume","white blood cell count","red blood cell count","class"],"y":["age","blood pressure","specific gravity","albumin","sugar","blood glucose random","blood urea","serum creatinine","sodium","potassium","haemoglobin","packed cell volume","white blood cell count","red blood cell count","class"],"z":[[1.0,0.1594796934454536,-0.19109638084641017,0.12209098320819319,0.22086632541242462,0.24499219961690563,0.1969848707760301,0.13253086524238816,-0.10004598307595658,0.05837712001005256,-0.19292833896805342,-0.24211940926833395,0.11833852042973834,-0.2688962851878897,-0.2272675462597027],[0.1594796934454536,1.0,-0.21883606991698526,0.16068863862750546,0.2225760257666732,0.16019346180582358,0.1885172453103113,0.14622202011373847,-0.1164220357241557,0.07515106557193275,-0.3065398884398657,-0.3263193050079189,0.02975329653102299,-0.26193581014796186,-0.2940767207822906],[-0.19109638084641017,-0.21883606991698526,1.0,-0.4697598491860105,-0.29623374836036337,-0.3747095917361749,-0.31429497919151644,-0.36147283732349544,0.4121898133018167,-0.07278714191556801,0.602582277611133,0.6035599000086799,-0.2362150431725582,0.5794757530039493,0.7321634658097287],[0.12209098320819319,0.16068863862750546,-0.4697598491860105,1.0,0.2693046462503098,0.3794642164810221,0.4535283172503908,0.3991983006303371,-0.4598960583583593,0.12903818382161428,-0.6346317780901195,-0.6118911251338759,0.23198928604222682,-0.5664367099595836,-0.6270896824611517],[0.22086632541242462,0.2225760257666732,-0.29623374836036337,0.2693046462503098,1.0,0.7178267668666227,0.16858286812689055,0.22324408509178736,-0.13177561121110004,0.2194495152060018,-0.22477515765643113,-0.23918940362340432,0.18489257864588698,-0.23744794733241026,-0.34406986270600026],[0.24499219961690563,0.16019346180582358,-0.3747095917361749,0.3794642164810221,0.7178267668666227,1.0,0.1433220200458159,0.11487499984094197,-0.2678475861576884,0.06696579455295659,-0.3061892815042019,-0.3013847434100505,0.15001468216754688,-0.28154071235952227,-0.4196721710412777],[0.1969848707760301,0.1885172453103113,-0.31429497919151644,0.4535283172503908,0.16858286812689055,0.1433220200458159,1.0,0.5863678207097766,-0.3230542352893529,0.3570490813524044,-0.6103602784857799,-0.6076213553320026,0.05046201708218004,-0.5790865252805201,-0.38060456885948113],[0.13253086524238816,0.14622202011373847,-0.36147283732349544,0.3991983006303371,0.22324408509178736,0.11487499984094197,0.5863678207097766,1.0,-0.6901578920579902,0.32610713186923973,-0.4016696244358105,-0.4041930644204258,-0.006389910334803647,-0.40085197686977436,-0.2999694247524008],[-0.10004598307595658,-0.1164220357241557,0.4121898133018167,-0.4598960583583593,-0.13177561121110004,-0.2678475861576884,-0.3230542352893529,-0.6901578920579902,1.0,0.09788671547835219,0.3651826522575266,0.37691355206594424,0.007277275891275176,0.34487348202530793,0.3756735385494111],[0.05837712001005256,0.07515106557193275,-0.07278714191556801,0.12903818382161428,0.2194495152060018,0.06696579455295659,0.3570490813524044,0.32610713186923973,0.09788671547835219,1.0,-0.13374604176482113,-0.16318228377469474,-0.10557621833452088,-0.15830931712780735,-0.08454117251135988],[-0.19292833896805342,-0.3065398884398657,0.602582277611133,-0.6346317780901195,-0.22477515765643113,-0.3061892815042019,-0.6103602784857799,-0.4016696244358105,0.3651826522575266,-0.13374604176482113,1.0,0.8953817669928061,-0.16941306580481366,0.798880246744564,0.7689192107584922],[-0.24211940926833395,-0.3263193050079189,0.6035599000086799,-0.6118911251338759,-0.23918940362340432,-0.3013847434100505,-0.6076213553320026,-0.4041930644204258,0.37691355206594424,-0.16318228377469474,0.8953817669928061,1.0,-0.19702236172906454,0.7916252713729907,0.7414273352266613],[0.11833852042973834,0.02975329653102299,-0.2362150431725582,0.23198928604222682,0.18489257864588698,0.15001468216754688,0.05046201708218004,-0.006389910334803647,0.007277275891275176,-0.10557621833452088,-0.16941306580481366,-0.19702236172906454,1.0,-0.158162762526412,-0.23191945072613965],[-0.2688962851878897,-0.26193581014796186,0.5794757530039493,-0.5664367099595836,-0.23744794733241026,-0.28154071235952227,-0.5790865252805201,-0.40085197686977436,0.34487348202530793,-0.15830931712780735,0.798880246744564,0.7916252713729907,-0.158162762526412,1.0,0.6990887828938334],[-0.2272675462597027,-0.2940767207822906,0.7321634658097287,-0.6270896824611517,-0.34406986270600026,-0.4196721710412777,-0.38060456885948113,-0.2999694247524008,0.3756735385494111,-0.08454117251135988,0.7689192107584922,0.7414273352266613,-0.23191945072613965,0.6990887828938334,1.0]],"zmax":1,"zmin":-1,"type":"heatmap"}],                        {"template":{"data":{"histogram2dcontour":[{"type":"histogram2dcontour","colorbar":{"outlinewidth":0,"ticks":""},"colorscale":[[0.0,"#0d0887"],[0.1111111111111111,"#46039f"],[0.2222222222222222,"#7201a8"],[0.3333333333333333,"#9c179e"],[0.4444444444444444,"#bd3786"],[0.5555555555555556,"#d8576b"],[0.6666666666666666,"#ed7953"],[0.7777777777777778,"#fb9f3a"],[0.8888888888888888,"#fdca26"],[1.0,"#f0f921"]]}],"choropleth":[{"type":"choropleth","colorbar":{"outlinewidth":0,"ticks":""}}],"histogram2d":[{"type":"histogram2d","colorbar":{"outlinewidth":0,"ticks":""},"colorscale":[[0.0,"#0d0887"],[0.1111111111111111,"#46039f"],[0.2222222222222222,"#7201a8"],[0.3333333333333333,"#9c179e"],[0.4444444444444444,"#bd3786"],[0.5555555555555556,"#d8576b"],[0.6666666666666666,"#ed7953"],[0.7777777777777778,"#fb9f3a"],[0.8888888888888888,"#fdca26"],[1.0,"#f0f921"]]}],"heatmap":[{"type":"heatmap","colorbar":{"outlinewidth":0,"ticks":""},"colorscale":[[0.0,"#0d0887"],[0.1111111111111111,"#46039f"],[0.2222222222222222,"#7201a8"],[0.3333333333333333,"#9c179e"],[0.4444444444444444,"#bd3786"],[0.5555555555555556,"#d8576b"],[0.6666666666666666,"#ed7953"],[0.7777777777777778,"#fb9f3a"],[0.8888888888888888,"#fdca26"],[1.0,"#f0f921"]]}],"heatmapgl":[{"type":"heatmapgl","colorbar":{"outlinewidth":0,"ticks":""},"colorscale":[[0.0,"#0d0887"],[0.1111111111111111,"#46039f"],[0.2222222222222222,"#7201a8"],[0.3333333333333333,"#9c179e"],[0.4444444444444444,"#bd3786"],[0.5555555555555556,"#d8576b"],[0.6666666666666666,"#ed7953"],[0.7777777777777778,"#fb9f3a"],[0.8888888888888888,"#fdca26"],[1.0,"#f0f921"]]}],"contourcarpet":[{"type":"contourcarpet","colorbar":{"outlinewidth":0,"ticks":""}}],"contour":[{"type":"contour","colorbar":{"outlinewidth":0,"ticks":""},"colorscale":[[0.0,"#0d0887"],[0.1111111111111111,"#46039f"],[0.2222222222222222,"#7201a8"],[0.3333333333333333,"#9c179e"],[0.4444444444444444,"#bd3786"],[0.5555555555555556,"#d8576b"],[0.6666666666666666,"#ed7953"],[0.7777777777777778,"#fb9f3a"],[0.8888888888888888,"#fdca26"],[1.0,"#f0f921"]]}],"surface":[{"type":"surface","colorbar":{"outlinewidth":0,"ticks":""},"colorscale":[[0.0,"#0d0887"],[0.1111111111111111,"#46039f"],[0.2222222222222222,"#7201a8"],[0.3333333333333333,"#9c179e"],[0.4444444444444444,"#bd3786"],[0.5555555555555556,"#d8576b"],[0.6666666666666666,"#ed7953"],[0.7777777777777778,"#fb9f3a"],[0.8888888888888888,"#fdca26"],[1.0,"#f0f921"]]}],"mesh3d":[{"type":"mesh3d","colorbar":{"outlinewidth":0,"ticks":""}}],"scatter":[{"fillpattern":{"fillmode":"overlay","size":10,"solidity":0.2},"type":"scatter"}],"parcoords":[{"type":"parcoords","line":{"colorbar":{"outlinewidth":0,"ticks":""}}}],"scatterpolargl":[{"type":"scatterpolargl","marker":{"colorbar":{"outlinewidth":0,"ticks":""}}}],"bar":[{"error_x":{"color":"#2a3f5f"},"error_y":{"color":"#2a3f5f"},"marker":{"line":{"color":"#E5ECF6","width":0.5},"pattern":{"fillmode":"overlay","size":10,"solidity":0.2}},"type":"bar"}],"scattergeo":[{"type":"scattergeo","marker":{"colorbar":{"outlinewidth":0,"ticks":""}}}],"scatterpolar":[{"type":"scatterpolar","marker":{"colorbar":{"outlinewidth":0,"ticks":""}}}],"histogram":[{"marker":{"pattern":{"fillmode":"overlay","size":10,"solidity":0.2}},"type":"histogram"}],"scattergl":[{"type":"scattergl","marker":{"colorbar":{"outlinewidth":0,"ticks":""}}}],"scatter3d":[{"type":"scatter3d","line":{"colorbar":{"outlinewidth":0,"ticks":""}},"marker":{"colorbar":{"outlinewidth":0,"ticks":""}}}],"scattermapbox":[{"type":"scattermapbox","marker":{"colorbar":{"outlinewidth":0,"ticks":""}}}],"scatterternary":[{"type":"scatterternary","marker":{"colorbar":{"outlinewidth":0,"ticks":""}}}],"scattercarpet":[{"type":"scattercarpet","marker":{"colorbar":{"outlinewidth":0,"ticks":""}}}],"carpet":[{"aaxis":{"endlinecolor":"#2a3f5f","gridcolor":"white","linecolor":"white","minorgridcolor":"white","startlinecolor":"#2a3f5f"},"baxis":{"endlinecolor":"#2a3f5f","gridcolor":"white","linecolor":"white","minorgridcolor":"white","startlinecolor":"#2a3f5f"},"type":"carpet"}],"table":[{"cells":{"fill":{"color":"#EBF0F8"},"line":{"color":"white"}},"header":{"fill":{"color":"#C8D4E3"},"line":{"color":"white"}},"type":"table"}],"barpolar":[{"marker":{"line":{"color":"#E5ECF6","width":0.5},"pattern":{"fillmode":"overlay","size":10,"solidity":0.2}},"type":"barpolar"}],"pie":[{"automargin":true,"type":"pie"}]},"layout":{"autotypenumbers":"strict","colorway":["#636efa","#EF553B","#00cc96","#ab63fa","#FFA15A","#19d3f3","#FF6692","#B6E880","#FF97FF","#FECB52"],"font":{"color":"#2a3f5f"},"hovermode":"closest","hoverlabel":{"align":"left"},"paper_bgcolor":"white","plot_bgcolor":"#E5ECF6","polar":{"bgcolor":"#E5ECF6","angularaxis":{"gridcolor":"white","linecolor":"white","ticks":""},"radialaxis":{"gridcolor":"white","linecolor":"white","ticks":""}},"ternary":{"bgcolor":"#E5ECF6","aaxis":{"gridcolor":"white","linecolor":"white","ticks":""},"baxis":{"gridcolor":"white","linecolor":"white","ticks":""},"caxis":{"gridcolor":"white","linecolor":"white","ticks":""}},"coloraxis":{"colorbar":{"outlinewidth":0,"ticks":""}},"colorscale":{"sequential":[[0.0,"#0d0887"],[0.1111111111111111,"#46039f"],[0.2222222222222222,"#7201a8"],[0.3333333333333333,"#9c179e"],[0.4444444444444444,"#bd3786"],[0.5555555555555556,"#d8576b"],[0.6666666666666666,"#ed7953"],[0.7777777777777778,"#fb9f3a"],[0.8888888888888888,"#fdca26"],[1.0,"#f0f921"]],"sequentialminus":[[0.0,"#0d0887"],[0.1111111111111111,"#46039f"],[0.2222222222222222,"#7201a8"],[0.3333333333333333,"#9c179e"],[0.4444444444444444,"#bd3786"],[0.5555555555555556,"#d8576b"],[0.6666666666666666,"#ed7953"],[0.7777777777777778,"#fb9f3a"],[0.8888888888888888,"#fdca26"],[1.0,"#f0f921"]],"diverging":[[0,"#8e0152"],[0.1,"#c51b7d"],[0.2,"#de77ae"],[0.3,"#f1b6da"],[0.4,"#fde0ef"],[0.5,"#f7f7f7"],[0.6,"#e6f5d0"],[0.7,"#b8e186"],[0.8,"#7fbc41"],[0.9,"#4d9221"],[1,"#276419"]]},"xaxis":{"gridcolor":"white","linecolor":"white","ticks":"","title":{"standoff":15},"zerolinecolor":"white","automargin":true,"zerolinewidth":2},"yaxis":{"gridcolor":"white","linecolor":"white","ticks":"","title":{"standoff":15},"zerolinecolor":"white","automargin":true,"zerolinewidth":2},"scene":{"xaxis":{"backgroundcolor":"#E5ECF6","gridcolor":"white","linecolor":"white","showbackground":true,"ticks":"","zerolinecolor":"white","gridwidth":2},"yaxis":{"backgroundcolor":"#E5ECF6","gridcolor":"white","linecolor":"white","showbackground":true,"ticks":"","zerolinecolor":"white","gridwidth":2},"zaxis":{"backgroundcolor":"#E5ECF6","gridcolor":"white","linecolor":"white","showbackground":true,"ticks":"","zerolinecolor":"white","gridwidth":2}},"shapedefaults":{"line":{"color":"#2a3f5f"}},"annotationdefaults":{"arrowcolor":"#2a3f5f","arrowhead":0,"arrowwidth":1},"geo":{"bgcolor":"white","landcolor":"#E5ECF6","subunitcolor":"white","showland":true,"showlakes":true,"lakecolor":"white"},"title":{"x":0.05},"mapbox":{"style":"light"}}},"annotations":[{"font":{"color":"black"},"showarrow":false,"text":"1.0","x":"age","y":"age"},{"font":{"color":"white"},"showarrow":false,"text":"0.16","x":"blood pressure","y":"age"},{"font":{"color":"white"},"showarrow":false,"text":"-0.19","x":"specific gravity","y":"age"},{"font":{"color":"white"},"showarrow":false,"text":"0.12","x":"albumin","y":"age"},{"font":{"color":"white"},"showarrow":false,"text":"0.22","x":"sugar","y":"age"},{"font":{"color":"white"},"showarrow":false,"text":"0.24","x":"blood glucose random","y":"age"},{"font":{"color":"white"},"showarrow":false,"text":"0.2","x":"blood urea","y":"age"},{"font":{"color":"white"},"showarrow":false,"text":"0.13","x":"serum creatinine","y":"age"},{"font":{"color":"white"},"showarrow":false,"text":"-0.1","x":"sodium","y":"age"},{"font":{"color":"white"},"showarrow":false,"text":"0.06","x":"potassium","y":"age"},{"font":{"color":"white"},"showarrow":false,"text":"-0.19","x":"haemoglobin","y":"age"},{"font":{"color":"white"},"showarrow":false,"text":"-0.24","x":"packed cell volume","y":"age"},{"font":{"color":"white"},"showarrow":false,"text":"0.12","x":"white blood cell count","y":"age"},{"font":{"color":"white"},"showarrow":false,"text":"-0.27","x":"red blood cell count","y":"age"},{"font":{"color":"white"},"showarrow":false,"text":"-0.23","x":"class","y":"age"},{"font":{"color":"white"},"showarrow":false,"text":"0.16","x":"age","y":"blood pressure"},{"font":{"color":"black"},"showarrow":false,"text":"1.0","x":"blood pressure","y":"blood pressure"},{"font":{"color":"white"},"showarrow":false,"text":"-0.22","x":"specific gravity","y":"blood pressure"},{"font":{"color":"white"},"showarrow":false,"text":"0.16","x":"albumin","y":"blood pressure"},{"font":{"color":"white"},"showarrow":false,"text":"0.22","x":"sugar","y":"blood pressure"},{"font":{"color":"white"},"showarrow":false,"text":"0.16","x":"blood glucose random","y":"blood pressure"},{"font":{"color":"white"},"showarrow":false,"text":"0.19","x":"blood urea","y":"blood pressure"},{"font":{"color":"white"},"showarrow":false,"text":"0.15","x":"serum creatinine","y":"blood pressure"},{"font":{"color":"white"},"showarrow":false,"text":"-0.12","x":"sodium","y":"blood pressure"},{"font":{"color":"white"},"showarrow":false,"text":"0.08","x":"potassium","y":"blood pressure"},{"font":{"color":"white"},"showarrow":false,"text":"-0.31","x":"haemoglobin","y":"blood pressure"},{"font":{"color":"white"},"showarrow":false,"text":"-0.33","x":"packed cell volume","y":"blood pressure"},{"font":{"color":"white"},"showarrow":false,"text":"0.03","x":"white blood cell count","y":"blood pressure"},{"font":{"color":"white"},"showarrow":false,"text":"-0.26","x":"red blood cell count","y":"blood pressure"},{"font":{"color":"white"},"showarrow":false,"text":"-0.29","x":"class","y":"blood pressure"},{"font":{"color":"white"},"showarrow":false,"text":"-0.19","x":"age","y":"specific gravity"},{"font":{"color":"white"},"showarrow":false,"text":"-0.22","x":"blood pressure","y":"specific gravity"},{"font":{"color":"black"},"showarrow":false,"text":"1.0","x":"specific gravity","y":"specific gravity"},{"font":{"color":"white"},"showarrow":false,"text":"-0.47","x":"albumin","y":"specific gravity"},{"font":{"color":"white"},"showarrow":false,"text":"-0.3","x":"sugar","y":"specific gravity"},{"font":{"color":"white"},"showarrow":false,"text":"-0.37","x":"blood glucose random","y":"specific gravity"},{"font":{"color":"white"},"showarrow":false,"text":"-0.31","x":"blood urea","y":"specific gravity"},{"font":{"color":"white"},"showarrow":false,"text":"-0.36","x":"serum creatinine","y":"specific gravity"},{"font":{"color":"white"},"showarrow":false,"text":"0.41","x":"sodium","y":"specific gravity"},{"font":{"color":"white"},"showarrow":false,"text":"-0.07","x":"potassium","y":"specific gravity"},{"font":{"color":"black"},"showarrow":false,"text":"0.6","x":"haemoglobin","y":"specific gravity"},{"font":{"color":"black"},"showarrow":false,"text":"0.6","x":"packed cell volume","y":"specific gravity"},{"font":{"color":"white"},"showarrow":false,"text":"-0.24","x":"white blood cell count","y":"specific gravity"},{"font":{"color":"black"},"showarrow":false,"text":"0.58","x":"red blood cell count","y":"specific gravity"},{"font":{"color":"black"},"showarrow":false,"text":"0.73","x":"class","y":"specific gravity"},{"font":{"color":"white"},"showarrow":false,"text":"0.12","x":"age","y":"albumin"},{"font":{"color":"white"},"showarrow":false,"text":"0.16","x":"blood pressure","y":"albumin"},{"font":{"color":"white"},"showarrow":false,"text":"-0.47","x":"specific gravity","y":"albumin"},{"font":{"color":"black"},"showarrow":false,"text":"1.0","x":"albumin","y":"albumin"},{"font":{"color":"white"},"showarrow":false,"text":"0.27","x":"sugar","y":"albumin"},{"font":{"color":"white"},"showarrow":false,"text":"0.38","x":"blood glucose random","y":"albumin"},{"font":{"color":"white"},"showarrow":false,"text":"0.45","x":"blood urea","y":"albumin"},{"font":{"color":"white"},"showarrow":false,"text":"0.4","x":"serum creatinine","y":"albumin"},{"font":{"color":"white"},"showarrow":false,"text":"-0.46","x":"sodium","y":"albumin"},{"font":{"color":"white"},"showarrow":false,"text":"0.13","x":"potassium","y":"albumin"},{"font":{"color":"white"},"showarrow":false,"text":"-0.63","x":"haemoglobin","y":"albumin"},{"font":{"color":"white"},"showarrow":false,"text":"-0.61","x":"packed cell volume","y":"albumin"},{"font":{"color":"white"},"showarrow":false,"text":"0.23","x":"white blood cell count","y":"albumin"},{"font":{"color":"white"},"showarrow":false,"text":"-0.57","x":"red blood cell count","y":"albumin"},{"font":{"color":"white"},"showarrow":false,"text":"-0.63","x":"class","y":"albumin"},{"font":{"color":"white"},"showarrow":false,"text":"0.22","x":"age","y":"sugar"},{"font":{"color":"white"},"showarrow":false,"text":"0.22","x":"blood pressure","y":"sugar"},{"font":{"color":"white"},"showarrow":false,"text":"-0.3","x":"specific gravity","y":"sugar"},{"font":{"color":"white"},"showarrow":false,"text":"0.27","x":"albumin","y":"sugar"},{"font":{"color":"black"},"showarrow":false,"text":"1.0","x":"sugar","y":"sugar"},{"font":{"color":"black"},"showarrow":false,"text":"0.72","x":"blood glucose random","y":"sugar"},{"font":{"color":"white"},"showarrow":false,"text":"0.17","x":"blood urea","y":"sugar"},{"font":{"color":"white"},"showarrow":false,"text":"0.22","x":"serum creatinine","y":"sugar"},{"font":{"color":"white"},"showarrow":false,"text":"-0.13","x":"sodium","y":"sugar"},{"font":{"color":"white"},"showarrow":false,"text":"0.22","x":"potassium","y":"sugar"},{"font":{"color":"white"},"showarrow":false,"text":"-0.22","x":"haemoglobin","y":"sugar"},{"font":{"color":"white"},"showarrow":false,"text":"-0.24","x":"packed cell volume","y":"sugar"},{"font":{"color":"white"},"showarrow":false,"text":"0.18","x":"white blood cell count","y":"sugar"},{"font":{"color":"white"},"showarrow":false,"text":"-0.24","x":"red blood cell count","y":"sugar"},{"font":{"color":"white"},"showarrow":false,"text":"-0.34","x":"class","y":"sugar"},{"font":{"color":"white"},"showarrow":false,"text":"0.24","x":"age","y":"blood glucose random"},{"font":{"color":"white"},"showarrow":false,"text":"0.16","x":"blood pressure","y":"blood glucose random"},{"font":{"color":"white"},"showarrow":false,"text":"-0.37","x":"specific gravity","y":"blood glucose random"},{"font":{"color":"white"},"showarrow":false,"text":"0.38","x":"albumin","y":"blood glucose random"},{"font":{"color":"black"},"showarrow":false,"text":"0.72","x":"sugar","y":"blood glucose random"},{"font":{"color":"black"},"showarrow":false,"text":"1.0","x":"blood glucose random","y":"blood glucose random"},{"font":{"color":"white"},"showarrow":false,"text":"0.14","x":"blood urea","y":"blood glucose random"},{"font":{"color":"white"},"showarrow":false,"text":"0.11","x":"serum creatinine","y":"blood glucose random"},{"font":{"color":"white"},"showarrow":false,"text":"-0.27","x":"sodium","y":"blood glucose random"},{"font":{"color":"white"},"showarrow":false,"text":"0.07","x":"potassium","y":"blood glucose random"},{"font":{"color":"white"},"showarrow":false,"text":"-0.31","x":"haemoglobin","y":"blood glucose random"},{"font":{"color":"white"},"showarrow":false,"text":"-0.3","x":"packed cell volume","y":"blood glucose random"},{"font":{"color":"white"},"showarrow":false,"text":"0.15","x":"white blood cell count","y":"blood glucose random"},{"font":{"color":"white"},"showarrow":false,"text":"-0.28","x":"red blood cell count","y":"blood glucose random"},{"font":{"color":"white"},"showarrow":false,"text":"-0.42","x":"class","y":"blood glucose random"},{"font":{"color":"white"},"showarrow":false,"text":"0.2","x":"age","y":"blood urea"},{"font":{"color":"white"},"showarrow":false,"text":"0.19","x":"blood pressure","y":"blood urea"},{"font":{"color":"white"},"showarrow":false,"text":"-0.31","x":"specific gravity","y":"blood urea"},{"font":{"color":"white"},"showarrow":false,"text":"0.45","x":"albumin","y":"blood urea"},{"font":{"color":"white"},"showarrow":false,"text":"0.17","x":"sugar","y":"blood urea"},{"font":{"color":"white"},"showarrow":false,"text":"0.14","x":"blood glucose random","y":"blood urea"},{"font":{"color":"black"},"showarrow":false,"text":"1.0","x":"blood urea","y":"blood urea"},{"font":{"color":"black"},"showarrow":false,"text":"0.59","x":"serum creatinine","y":"blood urea"},{"font":{"color":"white"},"showarrow":false,"text":"-0.32","x":"sodium","y":"blood urea"},{"font":{"color":"white"},"showarrow":false,"text":"0.36","x":"potassium","y":"blood urea"},{"font":{"color":"white"},"showarrow":false,"text":"-0.61","x":"haemoglobin","y":"blood urea"},{"font":{"color":"white"},"showarrow":false,"text":"-0.61","x":"packed cell volume","y":"blood urea"},{"font":{"color":"white"},"showarrow":false,"text":"0.05","x":"white blood cell count","y":"blood urea"},{"font":{"color":"white"},"showarrow":false,"text":"-0.58","x":"red blood cell count","y":"blood urea"},{"font":{"color":"white"},"showarrow":false,"text":"-0.38","x":"class","y":"blood urea"},{"font":{"color":"white"},"showarrow":false,"text":"0.13","x":"age","y":"serum creatinine"},{"font":{"color":"white"},"showarrow":false,"text":"0.15","x":"blood pressure","y":"serum creatinine"},{"font":{"color":"white"},"showarrow":false,"text":"-0.36","x":"specific gravity","y":"serum creatinine"},{"font":{"color":"white"},"showarrow":false,"text":"0.4","x":"albumin","y":"serum creatinine"},{"font":{"color":"white"},"showarrow":false,"text":"0.22","x":"sugar","y":"serum creatinine"},{"font":{"color":"white"},"showarrow":false,"text":"0.11","x":"blood glucose random","y":"serum creatinine"},{"font":{"color":"black"},"showarrow":false,"text":"0.59","x":"blood urea","y":"serum creatinine"},{"font":{"color":"black"},"showarrow":false,"text":"1.0","x":"serum creatinine","y":"serum creatinine"},{"font":{"color":"white"},"showarrow":false,"text":"-0.69","x":"sodium","y":"serum creatinine"},{"font":{"color":"white"},"showarrow":false,"text":"0.33","x":"potassium","y":"serum creatinine"},{"font":{"color":"white"},"showarrow":false,"text":"-0.4","x":"haemoglobin","y":"serum creatinine"},{"font":{"color":"white"},"showarrow":false,"text":"-0.4","x":"packed cell volume","y":"serum creatinine"},{"font":{"color":"white"},"showarrow":false,"text":"-0.01","x":"white blood cell count","y":"serum creatinine"},{"font":{"color":"white"},"showarrow":false,"text":"-0.4","x":"red blood cell count","y":"serum creatinine"},{"font":{"color":"white"},"showarrow":false,"text":"-0.3","x":"class","y":"serum creatinine"},{"font":{"color":"white"},"showarrow":false,"text":"-0.1","x":"age","y":"sodium"},{"font":{"color":"white"},"showarrow":false,"text":"-0.12","x":"blood pressure","y":"sodium"},{"font":{"color":"white"},"showarrow":false,"text":"0.41","x":"specific gravity","y":"sodium"},{"font":{"color":"white"},"showarrow":false,"text":"-0.46","x":"albumin","y":"sodium"},{"font":{"color":"white"},"showarrow":false,"text":"-0.13","x":"sugar","y":"sodium"},{"font":{"color":"white"},"showarrow":false,"text":"-0.27","x":"blood glucose random","y":"sodium"},{"font":{"color":"white"},"showarrow":false,"text":"-0.32","x":"blood urea","y":"sodium"},{"font":{"color":"white"},"showarrow":false,"text":"-0.69","x":"serum creatinine","y":"sodium"},{"font":{"color":"black"},"showarrow":false,"text":"1.0","x":"sodium","y":"sodium"},{"font":{"color":"white"},"showarrow":false,"text":"0.1","x":"potassium","y":"sodium"},{"font":{"color":"white"},"showarrow":false,"text":"0.37","x":"haemoglobin","y":"sodium"},{"font":{"color":"white"},"showarrow":false,"text":"0.38","x":"packed cell volume","y":"sodium"},{"font":{"color":"white"},"showarrow":false,"text":"0.01","x":"white blood cell count","y":"sodium"},{"font":{"color":"white"},"showarrow":false,"text":"0.34","x":"red blood cell count","y":"sodium"},{"font":{"color":"white"},"showarrow":false,"text":"0.38","x":"class","y":"sodium"},{"font":{"color":"white"},"showarrow":false,"text":"0.06","x":"age","y":"potassium"},{"font":{"color":"white"},"showarrow":false,"text":"0.08","x":"blood pressure","y":"potassium"},{"font":{"color":"white"},"showarrow":false,"text":"-0.07","x":"specific gravity","y":"potassium"},{"font":{"color":"white"},"showarrow":false,"text":"0.13","x":"albumin","y":"potassium"},{"font":{"color":"white"},"showarrow":false,"text":"0.22","x":"sugar","y":"potassium"},{"font":{"color":"white"},"showarrow":false,"text":"0.07","x":"blood glucose random","y":"potassium"},{"font":{"color":"white"},"showarrow":false,"text":"0.36","x":"blood urea","y":"potassium"},{"font":{"color":"white"},"showarrow":false,"text":"0.33","x":"serum creatinine","y":"potassium"},{"font":{"color":"white"},"showarrow":false,"text":"0.1","x":"sodium","y":"potassium"},{"font":{"color":"black"},"showarrow":false,"text":"1.0","x":"potassium","y":"potassium"},{"font":{"color":"white"},"showarrow":false,"text":"-0.13","x":"haemoglobin","y":"potassium"},{"font":{"color":"white"},"showarrow":false,"text":"-0.16","x":"packed cell volume","y":"potassium"},{"font":{"color":"white"},"showarrow":false,"text":"-0.11","x":"white blood cell count","y":"potassium"},{"font":{"color":"white"},"showarrow":false,"text":"-0.16","x":"red blood cell count","y":"potassium"},{"font":{"color":"white"},"showarrow":false,"text":"-0.08","x":"class","y":"potassium"},{"font":{"color":"white"},"showarrow":false,"text":"-0.19","x":"age","y":"haemoglobin"},{"font":{"color":"white"},"showarrow":false,"text":"-0.31","x":"blood pressure","y":"haemoglobin"},{"font":{"color":"black"},"showarrow":false,"text":"0.6","x":"specific gravity","y":"haemoglobin"},{"font":{"color":"white"},"showarrow":false,"text":"-0.63","x":"albumin","y":"haemoglobin"},{"font":{"color":"white"},"showarrow":false,"text":"-0.22","x":"sugar","y":"haemoglobin"},{"font":{"color":"white"},"showarrow":false,"text":"-0.31","x":"blood glucose random","y":"haemoglobin"},{"font":{"color":"white"},"showarrow":false,"text":"-0.61","x":"blood urea","y":"haemoglobin"},{"font":{"color":"white"},"showarrow":false,"text":"-0.4","x":"serum creatinine","y":"haemoglobin"},{"font":{"color":"white"},"showarrow":false,"text":"0.37","x":"sodium","y":"haemoglobin"},{"font":{"color":"white"},"showarrow":false,"text":"-0.13","x":"potassium","y":"haemoglobin"},{"font":{"color":"black"},"showarrow":false,"text":"1.0","x":"haemoglobin","y":"haemoglobin"},{"font":{"color":"black"},"showarrow":false,"text":"0.9","x":"packed cell volume","y":"haemoglobin"},{"font":{"color":"white"},"showarrow":false,"text":"-0.17","x":"white blood cell count","y":"haemoglobin"},{"font":{"color":"black"},"showarrow":false,"text":"0.8","x":"red blood cell count","y":"haemoglobin"},{"font":{"color":"black"},"showarrow":false,"text":"0.77","x":"class","y":"haemoglobin"},{"font":{"color":"white"},"showarrow":false,"text":"-0.24","x":"age","y":"packed cell volume"},{"font":{"color":"white"},"showarrow":false,"text":"-0.33","x":"blood pressure","y":"packed cell volume"},{"font":{"color":"black"},"showarrow":false,"text":"0.6","x":"specific gravity","y":"packed cell volume"},{"font":{"color":"white"},"showarrow":false,"text":"-0.61","x":"albumin","y":"packed cell volume"},{"font":{"color":"white"},"showarrow":false,"text":"-0.24","x":"sugar","y":"packed cell volume"},{"font":{"color":"white"},"showarrow":false,"text":"-0.3","x":"blood glucose random","y":"packed cell volume"},{"font":{"color":"white"},"showarrow":false,"text":"-0.61","x":"blood urea","y":"packed cell volume"},{"font":{"color":"white"},"showarrow":false,"text":"-0.4","x":"serum creatinine","y":"packed cell volume"},{"font":{"color":"white"},"showarrow":false,"text":"0.38","x":"sodium","y":"packed cell volume"},{"font":{"color":"white"},"showarrow":false,"text":"-0.16","x":"potassium","y":"packed cell volume"},{"font":{"color":"black"},"showarrow":false,"text":"0.9","x":"haemoglobin","y":"packed cell volume"},{"font":{"color":"black"},"showarrow":false,"text":"1.0","x":"packed cell volume","y":"packed cell volume"},{"font":{"color":"white"},"showarrow":false,"text":"-0.2","x":"white blood cell count","y":"packed cell volume"},{"font":{"color":"black"},"showarrow":false,"text":"0.79","x":"red blood cell count","y":"packed cell volume"},{"font":{"color":"black"},"showarrow":false,"text":"0.74","x":"class","y":"packed cell volume"},{"font":{"color":"white"},"showarrow":false,"text":"0.12","x":"age","y":"white blood cell count"},{"font":{"color":"white"},"showarrow":false,"text":"0.03","x":"blood pressure","y":"white blood cell count"},{"font":{"color":"white"},"showarrow":false,"text":"-0.24","x":"specific gravity","y":"white blood cell count"},{"font":{"color":"white"},"showarrow":false,"text":"0.23","x":"albumin","y":"white blood cell count"},{"font":{"color":"white"},"showarrow":false,"text":"0.18","x":"sugar","y":"white blood cell count"},{"font":{"color":"white"},"showarrow":false,"text":"0.15","x":"blood glucose random","y":"white blood cell count"},{"font":{"color":"white"},"showarrow":false,"text":"0.05","x":"blood urea","y":"white blood cell count"},{"font":{"color":"white"},"showarrow":false,"text":"-0.01","x":"serum creatinine","y":"white blood cell count"},{"font":{"color":"white"},"showarrow":false,"text":"0.01","x":"sodium","y":"white blood cell count"},{"font":{"color":"white"},"showarrow":false,"text":"-0.11","x":"potassium","y":"white blood cell count"},{"font":{"color":"white"},"showarrow":false,"text":"-0.17","x":"haemoglobin","y":"white blood cell count"},{"font":{"color":"white"},"showarrow":false,"text":"-0.2","x":"packed cell volume","y":"white blood cell count"},{"font":{"color":"black"},"showarrow":false,"text":"1.0","x":"white blood cell count","y":"white blood cell count"},{"font":{"color":"white"},"showarrow":false,"text":"-0.16","x":"red blood cell count","y":"white blood cell count"},{"font":{"color":"white"},"showarrow":false,"text":"-0.23","x":"class","y":"white blood cell count"},{"font":{"color":"white"},"showarrow":false,"text":"-0.27","x":"age","y":"red blood cell count"},{"font":{"color":"white"},"showarrow":false,"text":"-0.26","x":"blood pressure","y":"red blood cell count"},{"font":{"color":"black"},"showarrow":false,"text":"0.58","x":"specific gravity","y":"red blood cell count"},{"font":{"color":"white"},"showarrow":false,"text":"-0.57","x":"albumin","y":"red blood cell count"},{"font":{"color":"white"},"showarrow":false,"text":"-0.24","x":"sugar","y":"red blood cell count"},{"font":{"color":"white"},"showarrow":false,"text":"-0.28","x":"blood glucose random","y":"red blood cell count"},{"font":{"color":"white"},"showarrow":false,"text":"-0.58","x":"blood urea","y":"red blood cell count"},{"font":{"color":"white"},"showarrow":false,"text":"-0.4","x":"serum creatinine","y":"red blood cell count"},{"font":{"color":"white"},"showarrow":false,"text":"0.34","x":"sodium","y":"red blood cell count"},{"font":{"color":"white"},"showarrow":false,"text":"-0.16","x":"potassium","y":"red blood cell count"},{"font":{"color":"black"},"showarrow":false,"text":"0.8","x":"haemoglobin","y":"red blood cell count"},{"font":{"color":"black"},"showarrow":false,"text":"0.79","x":"packed cell volume","y":"red blood cell count"},{"font":{"color":"white"},"showarrow":false,"text":"-0.16","x":"white blood cell count","y":"red blood cell count"},{"font":{"color":"black"},"showarrow":false,"text":"1.0","x":"red blood cell count","y":"red blood cell count"},{"font":{"color":"black"},"showarrow":false,"text":"0.7","x":"class","y":"red blood cell count"},{"font":{"color":"white"},"showarrow":false,"text":"-0.23","x":"age","y":"class"},{"font":{"color":"white"},"showarrow":false,"text":"-0.29","x":"blood pressure","y":"class"},{"font":{"color":"black"},"showarrow":false,"text":"0.73","x":"specific gravity","y":"class"},{"font":{"color":"white"},"showarrow":false,"text":"-0.63","x":"albumin","y":"class"},{"font":{"color":"white"},"showarrow":false,"text":"-0.34","x":"sugar","y":"class"},{"font":{"color":"white"},"showarrow":false,"text":"-0.42","x":"blood glucose random","y":"class"},{"font":{"color":"white"},"showarrow":false,"text":"-0.38","x":"blood urea","y":"class"},{"font":{"color":"white"},"showarrow":false,"text":"-0.3","x":"serum creatinine","y":"class"},{"font":{"color":"white"},"showarrow":false,"text":"0.38","x":"sodium","y":"class"},{"font":{"color":"white"},"showarrow":false,"text":"-0.08","x":"potassium","y":"class"},{"font":{"color":"black"},"showarrow":false,"text":"0.77","x":"haemoglobin","y":"class"},{"font":{"color":"black"},"showarrow":false,"text":"0.74","x":"packed cell volume","y":"class"},{"font":{"color":"white"},"showarrow":false,"text":"-0.23","x":"white blood cell count","y":"class"},{"font":{"color":"black"},"showarrow":false,"text":"0.7","x":"red blood cell count","y":"class"},{"font":{"color":"black"},"showarrow":false,"text":"1.0","x":"class","y":"class"}],"xaxis":{"nticks":36},"title":{"text":"Correlation Heatmap"},"width":800,"height":800},                        {"responsive": true}                    )                };                            </script>        </div>
</body>
</html>